9136
3256
8025
9679
7840
2659
8822
1701
7872
227
9551
1235
4646
3471
7971
8874
3150
5804
6777
1809
9364
5128
1391
3253
7295
4182
6718
861
6967
6774
5311
1529
3703
2960
8294
8231
7502
7149
6492
1729
7519
1315
2972
1846
3096
2187
8803
419
6335
4624
8298
7422
4856
2966
5311
1631
4212
2724
3327
1244
7748
4175
3729
3087
2347
6293
9468
3782
945
7299
9144
1926
4788
4675
7202
5405
1624
1862
7081
4835
2767
9434
7749
1308
3012
4296
5943
109
129
349
8923
584
8097
6898
9451
4661
1392
890
6061
6607
7662
6487
6381
1401
5010
6666
5173
8763
6715
7189
7336
7645
4114
5774
110
5982
2907
5907
3353
4913
7547
2405
5335
7205
9395
2387
4288
6400
346
1667
1375
3719
2217
9614
1774
7869
9647
9289
7834
6949
8485
4860
5109
4453
5708
4273
4058
9353
2242
9675
4523
1665
4148
1361
7430
713
3325
1189
758
5299
7261
5957
7350
8002
8325
8285
2288
5973
4174
1574
2148
3599
2665
5375
3396
3567
4849
8055
7852
2561
7757
9780
5807
6720
1425
36
2044
4166
2452
9437
5775
9297
1789
7763
8292
5556
3894
3814
9239
6919
6291
8292
2887
3100
1580
7250
5273
9920
2181
4771
3528
9385
1166
6082
5961
4130
8055
386
9037
640
2588
9232
368
64
4110
5793
2879
7280
7777
7182
5318
6518
4642
8792
5575
7089
3361
2617
8983
5626
4572
8729
5938
118
1372
6041
8159
2059
2936
1424
6990
4236
5127
5920
4653
4963
7908
612
154
1370
3834
9384
3283
5495
686
9525
4985
9009
9212
632
6371
1715
7290
9533
6447
780
297
4557
2563
8719
7705
929
6434
2766
8476
4914
9770
4063
9219
8271
1913
4648
1300
7098
6112
6316
2717
9392
4912
322
3507
8754
1073
7566
2275
3396
6882
6670
6889
3426
474
211
8783
1706
557
1114
7549
8234
6842
6454
8511
359
8145
204
580
503
3298
1339
450
3372
1616
2069
4631
9949
997
2335
3947
2850
3679
7617
1105
2235
4568
7066
1596
6222
3315
51
606
6124
9378
6894
5804
8767
8981
1179
6285
8994
8733
7606
817
1677
5710
801
6783
1403
1507
4090
982
8314
2155
3096
4165
8878
8945
2823
8934
6610
6905
8430
5108
7324
7158
5529
9022
396
2281
9912
9348
1073
132
7427
9742
3544
4317
9848
9932
5522
62
2819
9400
640
7449
5401
680
1501
680
5648
655
3177
8530
2590
5363
894
3562
1469
4569
2113
562
6056
5436
1174
1821
4661
3357
2896
3313
5903
6965
7028
6155
1022
5141
3752
9245
8085
7054
2910
2946
4808
3757
9095
1811
6440
1086
5750
4386
5917
5601
5650
6258
2639
7034
4199
7290
9616
610
4185
5247
5417
4524
7750
4590
1952
8082
1911
3035
707
7165
2627
2467
7492
3795
3601
7614
9696
8570
9863
8337
909
6171
7220
2688
272
4530
9814
8768
1417
8962
3624
9353
4540
85
1164
7579
844
4465
1665
7992
2357
6198
8705
6655
4134
5844
7850
6825
9498
8298
5543
7132
3026
6713
7194
2397
256
6375
808
9266
3442
6063
8833
4421
6169
1797
8266
3013
8262
4551
6537
4087
5264
6239
4620
490
308
3174
9975
6055
9241
2467
8712
919
5534
9056
1672
9454
9347
8381
2977
694
3665
2638
5766
1863
9607
7375
8612
8721
9266
4089
1811
3116
3544
12
248
5095
8192
2620
9403
3533
6322
3416
3455
8837
9975
6421
5059
72
6252
7369
4597
2686
3465
2291
2990
1761
6376
3880
5517
4787
3748
5465
2180
7084
1888
7440
9817
6747
2720
1449
6602
6173
7912
9262
2449
3836
6176
7402
1823
9743
7904
1375
9192
8447
8510
3458
7002
6297
4177
9252
3595
6447
5296
4700
4895
1434
9532
4704
7715
5818
7
5395
5737
4941
3888
4088
5232
3694
893
7780
8318
2485
2995
2322
5181
6589
1892
9104
320
1682
8773
8374
1393
8569
5819
2455
7544
1178
4978
7056
8313
6280
9642
9933
9099
7745
7790
7227
5201
768
4754
8072
151
6608
8808
662
5178
8347
1087
6799
6964
2881
1305
2787
6370
8004
1400
2764
9572
7152
2468
8850
2017
424
1835
1099
3637
2507
1285
9674
3496
5238
3363
1608
5131
8803
852
848
2161
6207
8932
1140
4344
489
8945
334
8628
4005
5674
2273
3830
3537
6391
8973
9790
3327
8560
4832
74
1297
5723
6074
3497
6131
3060
8490
2592
2178
4027
2164
6248
8715
8549
4660
2563
6750
6512
3867
617
32
920
5176
1059
9024
8382
8067
2963
2529
9547
450
478
2054
2721
2894
8439
4093
9898
4400
5594
8978
8224
3221
97
484
9464
1073
102
3732
4139
832
1014
6329
1123
2439
2510
5601
5998
4808
4357
6514
5794
3588
2198
9487
2670
8523
5176
7334
5160
3664
7723
3462
3832
1000
2209
5549
2256
7968
9639
9823
6710
3790
5519
7668
9120
6720
6316
8408
5851
9521
2792
5702
8056
3274
7285
8030
6852
7797
6590
9331
4914
5276
3610
3250
5191
4368
6157
3212
7105
7238
5786
6372
6773
9004
4520
1732
4899
4153
4960
3898
4793
2114
2561
5888
961
3880
3952
1401
5719
1967
2735
7943
7996
8586
9560
7178
5840
258
1351
9123
4527
4133
113
3718
5451
9595
2277
7262
1489
1140
8126
9194
7323
3838
8050
3253
8465
8498
6218
436
7021
6877
7917
7096
730
8429
6971
2435
8072
1745
4212
2375
9999
2179
1763
7370
8716
2306
8378
6486
253
6935
299
1645
4565
2553
7104
8169
7757
4492
4519
6705
3848
7396
7582
1768
1024
9784
8567
4688
1442
6898
2760
2428
771
4819
8161
9794
3550
7890
7067
3663
5659
9477
218
2149
1485
7912
350
7056
7080
5882
4636
774
9708
9112
5476
2844
3667
7425
8350
1013
1251
1288
1606
3925
7521
344
2145
724
2035
3218
7083
6975
8383
4305
4959
6920
2837
2063
5618
1965
1189
2496
5820
5286
9055
1004
3444
8792
3238
6843
8039
2295
7615
4104
5780
9464
1708
8968
9191
2004
6287
7956
2080
1112
4365
3905
5055
3961
6417
4865
1023
6454
4378
2307
764
6342
6595
3365
6098
31
1868
6649
3555
2888
5450
9686
485
247
2488
3045
5638
132
8744
9436
6956
511
8554
1192
5998
3389
5175
9907
3272
5661
6538
5941
7471
2408
2060
2230
9746
6487
7323
1185
8824
3407
7879
6309
5916
7399
8265
4165
5138
7002
4912
1039
309
7752
3656
9658
782
3415
5545
6920
9107
7958
3146
6267
6745
706
6592
948
104
9586
2279
1078
698
2653
9483
6745
6383
3996
3331
1499
6224
8201
9723
3345
7261
4486
5469
9547
9781
3819
8427
4181
66
9991
3820
9209
3343
8295
6209
834
4951
6629
7570
6716
9292
1608
4985
9719
7056
1273
3739
6074
675
7878
9182
3397
3001
9295
6732
7038
5303
2253
851
829
522
9634
5622
9635
9909
5228
675
6389
7461
3124
3937
7783
3922
3171
3062
6787
8676
147
835
8200
4895
1043
3597
3087
7645
3605
6745
8521
5239
1809
6627
2821
7152
5053
3162
4830
4701
8756
395
9472
9060
322
441
3131
8225
3698
9238
2816
7311
4206
5105
1624
329
9734
4476
8356
1677
9005
9512
3407
8697
9532
1471
4336
4374
2617
2510
6684
8461
9603
333
3576
1082
2484
429
1996
748
8665
1325
1890
3701
4366
1192
6382
6757
258
174
216
3789
6266
2109
1908
5314
6194
8749
7283
6769
4573
2853
6066
9529
237
3037
8000
1481
9342
9713
2030
7559
4589
3822
7759
5898
407
2412
2030
3813
1596
1560
4830
6465
4946
4413
8780
4661
7013
7919
8961
9221
6380
5603
373
3636
6967
1390
8349
1158
2884
409
1381
3031
7777
2158
1464
6082
1468
4561
380
1743
295
6558
827
7613
7271
3515
9195
2983
3643
6441
5247
7685
281
1133
4199
4658
4980
2229
6115
6294
8394
5225
2997
6159
2170
8592
9059
7969
5314
5564
4156
375
3815
3635
6610
884
9086
7739
6933
1915
5335
4256
8161
4039
6665
8613
6846
2744
3560
1574
5525
4875
5219
5525
3922
7076
234
6201
964
8266
7373
895
1506
9088
4016
3356
8552
4748
1435
752
7534
8997
2189
9960
8954
7902
1648
8769
6588
3401
1543
7892
8535
4650
8276
786
5056
1673
375
8173
5054
6963
6785
3776
8194
6894
4503
2524
6352
9303
17
5281
1883
4762
2178
3205
7470
1725
4338
1620
3543
4906
2006
3460
7902
1623
97
6419
9427
3715
6324
8703
3286
5439
6690
322
7536
6214
943
7208
6703
1034
1766
9743
158
669
2952
9610
9730
3674
194
4434
7537
6670
840
3753
2174
7269
7262
7452
6463
4245
3174
9332
6512
6801
1651
4057
720
411
5116
7540
3992
4362
5644
2479
8108
3619
5670
5676
842
9175
1493
6431
928
8633
5506
7512
1466
3594
8319
5169
184
2003
8096
4992
4718
1470
3785
8905
8518
6786
6530
8692
8496
7353
6792
3622
7337
4143
6301
671
1673
4041
1055
4639
2774
672
5782
4965
5031
3257
2439
5958
7987
2082
8518
9142
9927
8634
7784
727
5142
6158
6006
9851
4314
844
2317
9959
4265
2805
7075
8518
8020
1668
6724
2854
4313
1270
6586
4964
4328
4709
8619
3119
6994
7477
8764
5915
2749
1065
3012
8149
5380
2371
1291
8558
4667
647
4081
2854
1217
1354
3643
310
4478
2620
7351
2697
5788
6207
1841
1912
8705
3475
2911
1825
7226
6048
9559
1347
5252
4047
8832
5721
228
1094
6533
8576
3543
5870
5702
2807
3475
194
617
6818
3644
7477
6702
9531
9170
5568
3120
2678
9288
7496
7143
1502
4352
8616
5866
7025
9249
4832
3489
9877
1210
5018
8249
4758
929
1396
337
6254
4948
9663
2705
8927
8001
9363
5339
480
4945
9005
1225
7761
7358
8486
8374
9612
70
6113
2313
2826
6424
9984
3515
9935
1435
1875
9738
1572
7917
5407
7142
1583
617
3175
3400
3473
1858
3258
3139
3788
3836
2841
7954
9742
6362
1138
7953
7438
6545
3277
3304
4898
1052
2307
7506
9323
4393
4390
236
8622
1056
2946
4040
3871
2052
9566
1969
4300
1378
4174
6953
2851
9895
4616
9855
9633
2046
6448
1436
7144
5894
8707
2348
2604
9153
2829
5018
8059
5849
3863
9683
3351
5630
4528
7293
8833
7147
1895
4353
2371
5478
3058
5379
2537
2181
414
7698
2269
3518
3828
5275
3679
9127
8740
1736
9901
6716
8849
6182
6420
8063
8521
1876
51
4410
9855
6423
4424
8320
2630
6010
8394
1297
7788
7731
6659
7804
7744
9713
6087
4207
4642
1665
6997
26
7702
496
6489
5041
2453
9275
4443
3456
7264
7010
9448
8169
4801
3371
5562
9400
3520
8674
4375
6888
4718
2830
307
2607
2962
6879
1811
1972
1694
2996
9136
481
5501
5273
6227
6227
1435
3341
7075
8718
1824
6945
3768
8014
9867
9581
827
7464
88
8109
2396
9295
2621
6584
1583
8754
5319
8465
1060
5474
2027
8790
5250
7938
9947
7846
3440
1191
9880
6192
704
7551
4319
3638
6168
7726
6369
1904
525
5107
7170
1309
6798
6329
4350
3845
2778
3481
9075
1257
5632
1453
6623
7916
9505
3359
7255
5451
2836
528
9136
2055
8038
197
2270
292
9035
4140
9623
1033
389
4028
1651
6472
6288
8202
2771
9192
6360
2984
5882
5517
8584
1096
3404
5866
3040
3182
5362
9628
2850
6147
4103
2583
2473
8774
4563
2847
1366
9421
817
4157
280
9049
958
4161
5799
9207
8081
1862
9470
9363
6177
161
6003
9079
3368
131
563
5441
9218
1518
3423
211
4385
4932
7293
468
6625
7963
3133
3268
2099
9197
8521
1676
520
8668
4759
6676
5740
3251
8750
9870
6252
8055
9491
7103
7445
6060
2543
7998
9707
6500
2734
7685
8866
4146
8823
2757
6541
3917
8723
1478
481
9760
6652
6811
9684
4094
1331
4324
1191
3283
1806
9213
3518
6213
5948
1988
9192
3513
3318
936
1823
4466
133
6060
5278
5189
1706
8379
3098
2712
6557
3494
7662
1528
757
6169
4839
4266
8608
2059
5208
6393
9937
3348
27
8798
4308
4617
3621
2238
3054
7539
3797
8493
725
1517
6713
8464
4489
2332
7596
4976
5759
6441
4080
7611
3208
8618
1812
4676
9474
5711
3442
4618
4794
8087
1608
2199
8605
3443
5504
2511
6426
2962
6270
9144
2645
1324
2310
6872
4634
7675
8408
7834
8316
8962
6169
7227
1930
7233
1007
5553
2476
9441
936
8666
1728
954
2424
8450
7195
7893
3821
8271
7038
4187
800
823
5847
9020
6651
4337
3825
4299
4705
2169
873
598
7855
2268
3597
5844
3581
9651
147
7272
32
8541
3396
7986
9743
7077
1011
9988
6624
7155
8574
5089
6399
2814
1824
6785
618
6943
8112
5570
364
3553
6601
7449
2548
36
8135
3366
481
2944
1723
9045
7820
519
1019
8241
2370
8931
7961
4099
4749
6799
9790
2664
7278
9666
3091
5056
969
2837
3900
6163
5148
2566
8594
6894
8429
4789
2555
5739
3216
2860
7623
6447
2402
6379
4138
6908
4564
3857
4481
6679
8647
743
5427
1076
1473
854
2518
3101
4074
6377
3226
2241
3238
7149
2262
6026
1534
9940
3261
1063
5853
4825
3740
4407
4100
3454
7875
1527
4698
7650
5118
3187
1364
2366
15
7929
5949
5198
6202
2123
2018
9405
8525
4722
6460
9625
329
9824
2123
7301
2417
2462
4156
4477
1006
3380
3719
6116
3308
6935
2103
138
6565
1468
8278
3962
5720
9995
9061
2671
9846
3102
1109
8534
9529
7577
2981
3998
4001
1412
4264
5084
7243
1316
4066
1947
1248
7944
6703
2545
872
4142
3120
1613
1482
6789
4755
4653
5905
3998
1261
1083
9484
3516
6263
4967
5874
8282
5283
7920
2255
4763
4233
1196
7840
4573
3794
9928
1031
8167
1504
8473
7692
2401
872
2272
7712
7795
4333
1691
1790
502
1402
1929
2065
8662
3340
7622
5484
5193
778
4932
9082
2057
3889
6234
1715
1613
5136
1926
8135
6
333
7967
1594
8165
9651
9878
6348
730
2809
5194
3892
6375
6687
7450
7816
3890
1943
4325
2443
8826
4542
5021
8836
2801
2870
5290
8599
600
4881
3483
6019
7384
7644
2136
9991
5212
326
3267
1537
7965
283
7068
3845
5077
5521
1460
5030
3060
1454
8889
7812
1009
1028
1808
3186
6536
6699
4992
1026
2498
4489
7227
3632
6274
176
280
4504
8972
356
4075
9269
7632
855
3383
1959
1748
9411
5850
8527
9791
9540
2742
1690
642
6015
7103
9832
2833
6419
7600
9784
7407
7035
5352
1442
4920
3788
9906
5040
1191
1185
1475
473
4856
289
7405
3260
9768
3306
9088
5942
4136
3772
9727
7409
3681
9428
6688
3753
2993
6851
1965
7835
8563
7147
4184
4572
6877
4566
140
5027
563
9298
3502
404
4905
5917
2306
7514
2245
3097
1354
5936
8259
7612
745
4269
674
7446
8054
3754
4571
4608
3564
6416
5826
9022
2510
403
6678
4944
4808
3397
2754
4779
5729
7864
8070
8974
3724
436
6607
5204
8829
6929
2130
1254
7224
4162
2169
6426
2886
1662
6660
1084
8561
9596
8721
5543
1055
4090
3718
5871
8107
426
4634
9758
3006
9770
9987
7418
1037
8878
4251
5216
7452
460
2828
7791
656
2148
4378
4227
8802
4938
6112
6028
9648
1826
2610
3850
1261
7734
1473
1287
8057
327
7902
722
9499
7325
5574
3875
4858
7213
9643
5776
7595
9670
9251
1531
2853
3752
9881
8885
8672
8290
1938
9860
3340
2326
8074
940
3326
1115
4125
8637
3477
526
5025
9064
2603
8471
8400
8671
6887
1331
3540
8120
8207
9571
6795
2446
2266
5264
5194
7397
7300
6938
6878
3736
9739
1388
1533
3008
3542
9597
8379
2642
9701
2981
1065
3494
8803
7481
856
2448
568
3846
2010
2861
6459
4454
4745
3852
5493
2530
4066
3606
3792
8885
6329
251
7519
7160
2720
3067
4535
5487
4594
5933
4971
1359
1321
8928
5301
714
7167
5755
2224
5017
3218
9011
1331
5076
8209
1497
4024
4625
5875
4445
7786
6007
5255
3651
5980
830
6229
9600
359
8454
4035
8465
8412
1200
5812
2760
6295
7740
6268
7285
2996
1360
5550
6717
8236
3921
6294
4121
5239
9665
2594
9869
4053
6982
7995
7971
1256
6755
738
3363
7049
5621
2613
1090
1387
1356
5120
4805
6781
2276
7392
9072
2200
6335
3380
2831
3928
4016
1308
4607
8648
6327
6131
74
5430
9028
6057
5630
3349
3690
1353
1705
9922
7201
4522
7795
8542
3815
2928
5544
1945
1205
2946
4001
9728
4938
8758
9245
6925
2054
9609
6129
6365
9381
8011
1129
3312
5958
3270
5721
41
8262
1519
3733
2820
862
4934
3162
4119
1286
8168
1703
1393
7988
3156
1211
6096
3205
2634
8652
4687
9655
5230
9825
8843
1889
7548
5997
5527
7871
5398
7337
1494
493
2649
172
7493
5152
1790
1065
2555
3980
3052
6486
2600
1333
5162
4628
7067
3509
6466
368
768
694
5297
1125
4838
8573
603
9387
831
4324
636
704
1040
4259
9529
3377
4232
4618
3925
7782
6926
1452
8688
8071
6371
8379
4969
1279
3222
8285
6068
9803
8742
6904
5382
1247
9330
7743
1293
822
2668
1033
9165
9843
8301
9802
8997
6377
9810
3856
2768
7283
4499
3644
3064
7249
8948
7611
8292
7327
5861
5905
5026
5428
2564
4001
288
52
7571
1690
1572
8706
2259
6401
5468
7494
7663
6599
2624
6663
3030
3128
1315
9861
8384
7920
5800
6133
6001
6281
5088
6474
9740
4165
5762
8428
4399
7844
324
9480
8844
3747
3910
3556
6359
4289
3230
3325
859
1103
6189
9135
6760
5860
7617
4960
1559
4362
2308
6841
8798
9448
8641
2546
5662
4973
166
7977
1849
4902
6517
2111
2706
4764
5221
7759
7997
1197
2182
9132
6789
4709
4114
9078
8396
8537
958
9912
781
2479
4032
5841
1309
701
4554
1756
6384
3005
6932
7439
8872
2618
6856
189
5881
3547
9559
7080
1063
7800
1993
7191
4497
6733
8914
3471
3159
586
5247
2065
6518
6292
